AB
A9
AA
55
EA
AB
48
EA
F4
55
AA
EA
E2
00
F2
EA
FC
00
F2
EA
C2
FF
EA
D4
FF
EA
AB
68
EA
62
00
00
AB
A9
00
F2
AB
85
FF
AB
B2
FF
BB
E6
FF
BB
C6
FF
AB
D2
FF
F0
01
DB
AB
A2
FF
F2
AB
9A
F4
96
C3
DB
00
00
00
00
00
00
00
00
00
00
00
00
00
00
00
00
00
00
00
00
00
00
00
00
00
00
00
00
00
00
00
00
00
00
00
00
00
00
00
00
00
00
00
00
00
00
00
00
00
00
00
00
00
00
00
00
00
00
00
00
00
00
00
00
00
00
00
00
00
00
00
00
00
00
00
00
00
00
00
00
00
00
00
00
00
00
00
00
00
00
00
00
00
00
00
00
00
00
00
00
00
00
00
00
00
00
00
00
00
00
00
00
00
00
00
00
00
00
00
00
00
00
00
00
00
00
00
00
00
00
00
00
00
00
00
00
00
00
00
00
00
00
00
00
00
00
00
00
00
00
00
00
00
00
00
00
00
00
00
00
00
00
00
00
00
00
00
00
00
00
00
00
00
00
00
00
00
00
00
00
00
00
00
00
00
00
00
00
00
00
00
00
00
00
00
00
00
00
00
00
00
00
00
00
00
00
00
00
00
00
00
00
00
00
00
00
00
00
00
00
00
00
00
00
00
00
00
00
00
00
00
00
00
00
00
00
00
00
00
00
00
00
00
00
00
00
00
00
00
00
00
00
00
00
00
00
00
00
00
00
00
00
00
00
00
00
00
00
00
00
00
00
00
00
00
00
00
00
00
00
00
00
00
00
00
00
00
00
00
00
00
00
00
00
00
00
00
00
00
00
00
00
00
00
00
00
00
00
00
00
00
00
00
00
00
00
00
00
00
00
00
00
00
00
00
00
00
00
00
00
00
00
00
00
00
00
00
00
00
00
00
00
00
00
00
00
00
00
00
00
00
00
00
00
00
00
00
00
00
00
00
00
00
00
00
00
00
00
00
00
00
00
00
00
00
00
00
00
00
00
00
00
00
00
00
00
00
00
00
00
00
00
00
00
00
00
00
00
00
00
00
00
00
00
00
00
00
00
00
00
00
00
00
00
00
00
00
00
00
00
00
00
00
00
00
00
00
00
00
00
00
00
00
00
00
00
00
00
00
00
00
00
00
00
00
00
00
00
00
00
00
00
00
00
00
00
00
00
00
00
00
00
00
00
00
00
00
00
00
00
00
00
00
00
00
00
00
00
00
00
00
00
00
00
00
00
00
00
00
00
00
00
00
00
00
00
00
00
00
00
00
00
00
00
00
00
00
00
00
00
00
00
00
00
00
00
00
00
00
00
00
00
00
00
00
00
00
00
00
00
00
00
00
00
00
00
00
00
00
00
00
00
00
00
00
00
00
00
00
00
00
00
00
00
00
00
00
00
00
00
00
00
00
00
00
00
00
00
00
00
00
00
00
00
00
00
00
00
00
00
00
00
00
00
00
00
00
00
00
00
00
00
00
00
00
00
00
00
00
00
00
00
00
00
00
00
00
00
00
00
00
00
00
00
00
00
00
00
00
00
00
00
00
00
00
00
00
00
00
00
00
00
00
00
00
00
00
00
00
00
00
00
00
00
00
00
00
00
00
00
00
00
00
00
00
00
00
00
00
00
00
00
00
00
00
00
00
00
00
00
00
00
00
00
00
00
00
00
00
00
00
00
00
00
00
00
00
00
00
00
00
00
00
00
00
00
00
00
00
00
00
00
00
00
38
A9
0D
60
00
00
00
00
00
00
00
00
00
00
00
00
60
00
00
00
00
00
00
00
00
00
00
00
00
00
00
00
60
00
00
00
00
00
00
00
00
00
00
00
00
00
00
00
00
00
00
00
00
00
00
00
00
00
00
00
00
00
00
00
00
00
00
00
00
00
00
00
00
00
00
00
00
00
00
00
00
00
00
00
00
00
00
00
00
00
00
00
00
00
00
00
00
00
00
00
00
00
00
00
00
00
00
00
00
00
00
00
00
00
00
00
00
00
00
00
00
00
00
00
00
00
00
00
00
00
00
00
00
00
00
00
00
00
00
00
00
00
00
00
00
00
00
00
00
00
00
00
00
00
00
00
00
00
00
00
00
00
00
00
00
00
00
00
00
00
00
00
00
00
00
00
00
00
00
00
00
00
00
00
00
00
00
00
00
00
00
00
00
00
00
00
00
00
00
00
00
00
00
00
00
00
00
00
00
00
00
00
00
00
00
00
00
00
00
00
00
00
00
00
00
00
00
00
00
00
00
00
00
00
00
00
00
00
00
00
00
00
00
00
00
00
00
00
00
00
00
00
00
00
00
00
EA
78
D8
A2
1F
9A
A9
CF
8D
82
FF
A9
07
8D
80
FF
A9
00
8D
81
FF
A9
40
8D
82
FF
A9
00
8D
83
FF
A9
47
8D
00
03
A9
F7
8D
01
03
A9
32
8D
04
03
A9
F7
8D
05
03
A2
FF
8E
12
03
A2
01
8E
13
03
A9
00
8D
18
03
8D
19
03
8D
16
03
8D
15
03
8D
14
03
8D
17
03
8D
10
03
8D
11
03
A9
FA
8D
20
03
4C
F9
F5
A9
00
8D
1E
03
8D
1F
03
20
92
F4
CE
1E
03
D0
05
CE
1F
03
F0
00
AD
81
FF
29
01
F0
EC
18
AD
80
FF
60
38
60
48
20
92
F4
AD
81
FF
29
10
F0
F6
68
8D
80
FF
60
60
07
E0
80
00
00
00
00
01
00
4D
36
35
43
30
32
41
20
6D
6F
6E
69
74
6F
72
20
76
33
2E
33
00
00
9B
F4
EA
78
D8
8D
10
03
68
8D
17
03
68
8D
18
03
68
8D
19
03
AD
10
03
C9
01
D0
11
38
AD
18
03
E9
01
8D
18
03
AD
19
03
E9
00
8D
19
03
4C
41
F6
A2
1F
9A
A2
00
20
5F
F4
B0
F6
C9
F0
90
F2
9D
20
03
E8
20
5F
F4
B0
E9
C9
E1
B0
E5
9D
20
03
E8
C9
00
F0
0D
A8
20
5F
F4
B0
D7
9D
20
03
E8
88
D0
F4
20
5F
F4
B0
CB
8D
1A
03
20
10
F7
18
6D
1A
03
D0
BF
AD
20
03
C9
FF
F0
42
C9
FE
F0
26
C9
FD
F0
25
C9
FC
F0
24
C9
FB
F0
23
C9
FA
F0
22
C9
F9
F0
21
C9
F8
F0
20
C9
F7
F0
1F
A9
F0
8D
20
03
A9
01
4C
E5
F6
4C
7F
F5
4C
AC
F5
4C
F9
F5
4C
0D
F6
4C
27
F6
4C
5B
F6
4C
A8
F6
4C
C4
F6
A2
00
A0
21
8C
21
03
BD
93
F4
9D
22
03
E8
88
D0
F6
4C
F0
F6
A9
B9
8D
1A
03
AD
23
03
8D
1B
03
AD
24
03
8D
1C
03
A9
60
8D
1D
03
AE
25
03
8E
21
03
F0
0C
A0
00
20
1A
03
99
22
03
C8
CA
D0
F6
4C
F0
F6
A9
99
8D
1A
03
AD
23
03
8D
1B
03
AD
24
03
8D
1C
03
A9
60
8D
1D
03
AE
21
03
CA
CA
CA
F0
25
A0
00
B9
25
03
20
1A
03
C8
CA
D0
F6
A9
D9
8D
1A
03
AE
21
03
CA
CA
CA
A0
00
B9
25
03
20
1A
03
D0
09
C8
CA
D0
F4
A9
00
4C
F6
F5
A9
01
4C
E5
F6
A2
00
A0
0A
8C
21
03
BD
10
03
9D
22
03
E8
88
D0
F6
4C
F0
F6
A2
00
AC
21
03
F0
0E
BD
22
03
9D
10
03
E8
88
D0
F6
AE
12
03
9A
A9
00
4C
E5
F6
AE
12
03
9A
AD
19
03
48
AD
18
03
48
AD
17
03
48
AE
15
03
AC
14
03
AD
16
03
40
8E
15
03
8C
14
03
BA
8E
12
03
A9
01
8D
13
03
A2
1F
9A
A9
00
8D
11
03
4C
F9
F5
AC
21
03
F0
42
A2
00
A0
00
A9
AD
8D
1A
03
BD
23
03
8D
1B
03
BD
24
03
8D
1C
03
A9
60
8D
1D
03
20
1A
03
99
22
03
A9
8D
8D
1A
03
BD
25
03
20
1A
03
A9
CD
8D
1A
03
BD
25
03
20
1A
03
D0
0A
C8
E8
E8
E8
E8
EC
21
03
D0
C2
8C
21
03
4C
F0
F6
A9
AD
8D
1A
03
AD
22
03
8D
1B
03
AD
23
03
8D
1C
03
A9
60
8D
1D
03
20
1A
03
4C
E5
F6
A9
8D
8D
1A
03
AD
22
03
8D
1B
03
AD
23
03
8D
1C
03
A9
60
8D
1D
03
AD
24
03
20
1A
03
A9
00
4C
E5
F6
8D
22
03
A9
01
8D
21
03
4C
F0
F6
20
10
F7
49
FF
18
69
01
9D
20
03
A2
00
AC
21
03
C8
C8
C8
BD
20
03
20
82
F4
E8
88
D0
F6
4C
E1
F4
A2
00
AC
21
03
C8
C8
A9
00
18
7D
20
03
E8
88
D0
F8
60
D8
8D
16
03
68
48
29
10
D0
20
AD
16
03
6C
04
03
A9
02
4C
4E
F7
D8
8D
16
03
68
48
29
10
D0
0B
AD
16
03
6C
00
03
A9
03
4C
4E
F7
A9
01
4C
B4
F4
00
00
00
00
00
00
00
00
00
00
00
00
00
00
00
00
00
00
00
00
00
00
00
00
00
00
00
00
00
00
00
00
00
00
00
00
00
00
00
00
00
00
00
00
00
00
00
00
00
00
00
00
00
00
00
00
00
00
00
00
00
00
00
00
00
00
00
00
00
00
00
00
00
00
00
00
00
00
00
00
00
00
00
00
00
00
00
00
00
00
00
00
00
00
00
00
00
00
00
00
00
00
00
00
00
00
00
00
00
00
00
00
00
00
00
00
00
00
00
00
00
00
00
00
00
00
00
00
00
00
00
00
00
00
00
00
00
00
00
00
00
00
00
00
00
00
00
00
00
00
00
00
00
00
00
00
00
00
00
00
00
00
00
00
00
00
00
00
00
37
F7
00
F4
22
F7
A9
CF
8D
82
FF
A9
07
8D
80
FF
A9
00
8D
81
FF
8D
83
FF
A9
40
8D
82
FF
60
AD
81
FF
29
01
F0
F9
AD
80
FF
38
60
18
AD
81
FF
29
01
D0
F3
60
48
AD
81
FF
29
10
F0
F9
68
8D
80
FF
60
4C
7D
F9
4C
18
F8
4C
24
F8
4C
2D
F8
20
50
43
3D
20
20
41
3D
20
20
58
3D
20
20
59
3D
20
20
53
3D
20
20
50
3D
20
28
4E
56
52
42
44
49
5A
43
29
3D
20
A2
F8
A2
FF
A0
FF
C8
B9
46
F8
20
43
F8
C9
3D
D0
F5
E8
E0
07
F0
0C
BD
E0
03
20
B3
F8
E0
00
D0
E6
F0
EF
CA
BD
E0
03
A2
08
2A
A8
A9
31
B0
02
E9
00
20
43
F8
98
CA
D0
F1
48
A9
0D
20
43
F8
A9
0A
20
43
F8
68
60
20
B3
F8
8A
48
4A
4A
4A
4A
20
BC
F8
68
84
31
29
0F
A8
B9
30
FB
A4
31
4C
43
F8
20
D5
F8
CA
E0
00
D0
F8
60
20
D5
F8
A9
20
4C
43
F8
A9
3E
85
32
20
A2
F8
A5
32
20
43
F8
A0
FF
20
3D
F8
C9
20
B0
3E
C9
0D
F0
4C
C9
1B
F0
E7
C9
08
F0
09
C9
09
F0
1C
C9
02
D0
E5
00
C0
FF
F0
E0
88
A9
08
20
43
F8
A9
20
20
43
F8
A9
08
20
43
F8
4C
E8
F8
A9
20
C8
30
20
99
00
03
20
43
F8
98
29
07
D0
F0
F0
BB
C9
61
90
02
E9
20
C8
30
0A
99
00
03
20
43
F8
4C
E8
F8
C8
A9
0D
99
00
03
20
43
F8
60
A9
07
4C
43
F8
8D
E2
03
8E
E3
03
8C
E4
03
68
8D
E6
03
68
A8
68
AA
98
38
E9
01
8D
E1
03
B0
01
CA
8E
E0
03
BA
8E
E5
03
A2
1F
9A
20
49
F9
20
6A
F8
58
4C
83
F9
20
49
F9
20
F0
F9
A2
1F
9A
20
DA
F8
A9
00
A8
85
33
85
37
A9
00
85
3C
85
3D
20
CA
F9
A2
0A
DD
40
FB
F0
05
CA
10
F8
30
DE
8A
48
98
48
8A
0A
AA
20
BC
F9
68
A8
68
AA
F0
CE
BD
61
FB
30
D6
10
D2
BD
4B
FB
85
34
E8
BD
4B
FB
48
A5
34
48
60
A9
00
85
35
4C
E1
F9
8A
A2
04
06
3C
26
3D
CA
D0
F9
05
3C
85
3C
C6
35
B9
00
03
A2
0F
C8
DD
30
FB
F0
E5
CA
10
F8
60
20
A2
F8
A2
FF
A9
0D
E8
20
43
F8
BD
6C
FB
D0
F7
60
20
0A
FA
A2
1F
9A
4C
83
F9
6C
3C
00
A6
3C
A5
3D
86
3A
85
3B
E6
33
60
C0
01
D0
0D
A5
3A
09
0F
85
3C
A5
3B
85
3D
4C
43
FA
A5
35
F0
63
A6
37
F0
0C
CA
F0
21
A5
3C
A2
00
81
3A
4C
B1
FA
20
0D
FA
4C
55
FA
A5
3A
29
0F
F0
0C
C0
00
F0
4E
A5
3A
29
07
F0
11
D0
19
20
A2
F8
20
40
F8
B0
2F
A5
3B
A6
3A
20
AF
F8
A9
20
20
43
F8
A9
2D
20
43
F8
A9
20
20
43
F8
C0
00
F0
24
A2
00
A1
3A
20
B3
F8
38
A5
3A
E5
3C
A5
3B
E5
3D
20
B1
FA
90
B7
A9
00
85
37
60
84
31
A0
00
20
29
FA
A4
31
60
A2
00
A1
3A
29
7F
C9
7F
F0
04
C9
20
B0
02
A9
2E
20
43
F8
4C
7E
FA
E6
3A
D0
02
E6
3B
60
A5
33
F0
40
38
A5
3C
E5
3A
AA
A5
3D
E5
3B
A8
90
33
18
8A
65
3E
85
3C
98
65
3F
85
3D
A2
00
A1
3E
81
3C
A9
FF
C6
3C
C5
3C
D0
02
C6
3D
C6
3E
C5
3E
D0
02
C6
3F
38
A5
3E
E5
3A
A5
3F
E5
3B
90
05
20
40
F8
90
D8
60
A5
33
D0
0D
60
E6
3A
D0
02
E6
3B
E6
3C
D0
02
E6
3D
38
A5
3E
E5
3A
A5
3F
E5
3B
90
E8
20
40
F8
B0
E3
A2
00
A1
3A
81
3C
4C
02
FB
A6
3C
A5
3D
86
3E
85
3F
60
30
31
32
33
34
35
36
37
38
39
41
42
43
44
45
46
0D
20
2E
3A
3E
47
49
4D
51
52
56
17
FA
28
FA
0C
FA
0C
FA
26
FB
00
FA
B7
FA
FC
FA
90
FA
69
F8
EF
F9
00
FF
01
02
00
00
00
00
00
00
00
36
35
43
30
32
20
4D
6F
6E
69
74
6F
72
20
4C
69
74
65
20
76
35
2E
31
2E
35
20
28
37
2D
44
65
63
2D
31
34
29
20
52
65
61
64
79
0D
0A
00
00
00
00
00
00
00
00
00
00
00
00
00
00
00
00
00
00
00
00
00
00
00
00
00
00
00
00
00
00
00
00
00
00
00
00
00
00
00
00
00
00
00
00
00
00
00
00
00
00
00
00
00
00
00
00
00
00
00
00
00
00
00
00
00
00
00
00
00
00
00
00
00
00
00
00
00
00
00
00
00
00
00
00
00
00
00
00
00
00
00
00
00
00
00
00
00
00
00
00
00
00
00
00
00
00
00
00
00
00
00
00
00
00
00
00
00
00
00
00
00
00
00
00
00
00
00
00
00
00
00
00
00
00
00
00
00
00
00
00
00
00
00
00
00
00
00
00
00
00
00
00
00
00
00
00
00
00
00
00
00
00
00
00
00
00
00
00
00
00
00
00
00
00
00
00
00
00
00
00
00
00
00
00
00
00
00
00
00
00
00
00
00
00
00
00
00
00
00
00
00
00
00
00
00
00
00
00
00
00
00
00
00
00
00
00
00
00
00
00
00
00
00
00
00
00
00
00
00
00
00
00
00
00
00
00
00
00
00
00
00
00
00
00
00
00
00
00
00
00
00
00
00
00
00
00
00
00
00
00
00
00
00
00
00
00
00
00
00
00
00
00
00
00
00
00
00
00
00
00
00
00
00
00
00
00
00
00
00
00
00
00
00
00
00
00
00
00
00
00
00
00
00
00
00
00
00
00
00
00
00
00
00
00
00
00
00
00
00
00
00
00
00
00
00
00
00
00
00
00
00
00
00
00
00
00
00
00
00
00
00
00
00
00
00
00
00
00
00
00
00
00
00
00
00
00
00
00
00
00
00
00
00
00
00
00
00
00
00
00
00
00
00
00
00
00
00
00
00
00
00
00
00
00
00
00
00
00
00
00
00
00
00
00
00
00
00
00
00
00
00
00
00
00
00
00
00
00
00
00
00
00
00
00
00
00
00
00
00
00
00
00
00
00
00
00
00
00
00
00
00
00
00
00
00
00
00
00
00
00
00
00
00
00
00
00
00
00
00
00
00
00
00
00
00
00
00
00
00
00
00
00
00
00
00
00
00
00
00
00
00
00
00
00
00
00
00
00
00
00
00
00
00
00
00
00
00
00
00
00
00
00
00
00
00
00
00
00
00
00
00
00
00
00
00
00
00
00
00
00
00
00
00
00
00
00
00
00
00
00
00
00
00
00
00
00
00
00
00
00
00
00
00
00
00
00
00
00
00
00
00
00
00
00
00
00
00
00
00
00
00
00
00
00
00
00
00
00
00
00
00
00
00
00
00
00
00
00
00
00
00
00
00
00
00
00
00
00
00
00
00
00
00
00
00
00
00
00
00
00
00
00
00
00
00
00
00
00
00
00
00
00
00
00
00
00
00
00
00
00
00
00
00
00
00
00
00
00
00
00
00
00
00
00
00
00
00
00
00
00
00
00
00
00
00
00
00
00
00
00
00
00
00
00
00
00
00
00
00
00
00
00
00
00
00
00
00
00
00
00
00
00
00
00
00
00
00
00
00
00
00
00
00
00
00
00
00
00
00
00
00
00
00
00
00
00
00
00
00
00
00
00
00
00
00
00
00
00
00
00
00
00
00
00
00
00
00
00
00
00
00
00
00
00
00
00
00
00
00
00
00
00
00
00
00
00
00
00
00
00
00
00
00
00
00
00
00
00
00
00
00
00
00
00
00
00
00
00
00
00
00
00
00
00
00
00
00
00
00
00
00
00
00
00
00
00
00
00
00
00
00
00
00
00
00
00
00
00
00
00
00
00
00
00
00
00
00
00
00
00
00
00
00
00
00
00
00
00
00
00
00
00
00
00
00
00
00
00
40
78
D8
A2
1F
9A
20
00
F8
58
4C
7D
F9
48
8A
48
BA
BD
03
01
29
10
D0
06
68
AA
68
6C
F6
FE
68
AA
68
6C
F8
FE
00
00
00
00
00
00
00
00
00
00
00
00
C0
FE
C0
FE
C0
FE
C0
FE
4E
F9
C0
FE
C1
FE
CD
FE
00
00
00
00
00
00
00
00
00
00
00
00
00
00
00
00
00
00
00
00
00
00
00
00
00
00
00
00
00
00
00
00
00
00
00
00
00
00
00
00
00
00
00
00
00
00
00
00
00
00
00
00
00
00
00
00
00
00
00
00
00
00
00
00
00
00
00
00
00
00
00
00
00
00
00
00
00
00
00
00
00
00
00
00
00
00
00
00
00
00
00
00
00
00
00
00
00
00
00
00
00
00
00
00
00
00
00
00
00
00
00
00
00
00
00
00
00
00
00
00
00
00
00
00
00
00
00
00
00
00
00
00
00
00
00
00
00
00
00
00
00
00
00
00
00
00
00
00
00
00
00
00
00
00
00
00
00
00
00
00
00
00
00
00
00
00
00
00
00
00
00
00
00
00
00
00
00
00
00
00
00
00
00
00
00
00
00
00
00
00
00
00
00
00
00
00
00
00
00
00
00
00
00
00
00
00
00
00
00
00
00
00
00
00
00
00
00
00
00
00
00
00
00
00
00
00
00
00
00
00
00
00
00
00
00
00
00
00
C1
FE
C0
FE
C0
FE
C0
FE
C0
FE
4E
F9
C0
FE
C1
FE
CD
FE
